%YAML:1.0
---
intrinsicL: !!opencv-matrix
   rows: 3
   cols: 3
   dt: d
   data: [ 2.8269331914232275e+03, 0., 1.0128197033772817e+03, 0.,
       2.8281493407244011e+03, 6.5249838041315093e+02, 0., 0., 1. ]
distCoeffsL: !!opencv-matrix
   rows: 1
   cols: 5
   dt: d
   data: [ -1.1278530004737725e-01, 2.5052013653663741e+00,
       4.5765104557265327e-03, 8.8946239293109569e-04,
       -2.1754373494181117e+01 ]
intrinsicR: !!opencv-matrix
   rows: 3
   cols: 3
   dt: d
   data: [ 2.9344385993676251e+03, 0., 9.9799349176035241e+02, 0.,
       2.9337809630946504e+03, 6.2049546636320395e+02, 0., 0., 1. ]
distCoeffsR: !!opencv-matrix
   rows: 1
   cols: 5
   dt: d
   data: [ -1.1441933757157700e-01, 3.3712234628815771e+00,
       3.1573511871091265e-03, -1.2954217786140637e-05,
       -5.1158523664194341e+01 ]
R: !!opencv-matrix
   rows: 3
   cols: 3
   dt: d
   data: [ 9.9956216928779196e-01, -7.0809818915429524e-03,
       2.8728547198476746e-02, 6.0660658528759320e-03,
       9.9935967760315270e-01, 3.5262410949781157e-02,
       -2.8959844159664221e-02, -3.5072702724117437e-02,
       9.9896508094621284e-01 ]
T: !!opencv-matrix
   rows: 3
   cols: 1
   dt: d
   data: [ -1.4344494078368534e+03, 1.4908281286022646e+01,
       6.9312293918352611e+02 ]
numDisparities: 352
numDisparitiesHalf: 208
